0.831226400619239
0.762891828981402
0.929154960574106
0.940677987073583
0.901629236611151
0.897601175952651
0.876397427235455
0.917735360629901
0.925315222171941
0.948344795831344
0.868987220341683
0.919688673209868
0.918049737884757
0.908585012881218
0.845615160739847
0.824548501544634
0.941951170879031
0.934106467659157
0.899451525291007
0.946348752311014
0.872766618106005
0.926151790158741
0.881927597688713
0.936108279526657
0.93656385226336
0.820776130165426
0.925626509058743
0.848976066936486
0.843159145817975
0.936610959991566
0.944194843086447
0.923725563048171
0.961094014083562
0.947772193778362
0.95109524551021
0.896119103363516
0.953222104033464
0.917897301643155
0.886740168200793
0.873925765656382
0.931145229304184
0.967689987724735
0.976090670182798
0.859622677451582
0.940895481360841
0.949604946622006
0.931061166348399
0.948173712883598
0.877489666967379
0.943585147072528
0.869949784393147
0.93986717011064
0.938355156701651
0.971493553207247
0.970297134691677
0.936804366709079
0.955970018249073
0.966193685505238
0.966663557062643
0.974461782844789
0.963879517777426
0.970088103237176
0.964205065697139
0.961269850208743
0.983393186881445
0.971936453434662
0.978598305370078
0.954045515063174
0.977114653833419
0.974726611955637
0.967245703788677
0.963440148929129
0.944203023998175
0.955079485722015
0.94366972739808
0.951459146696664
0.955949558237713
0.968270040098901
0.969788673960184
0.955586040009125
0.950080087975968
0.955721289355734
0.912567880323499
0.937078465686793
0.959813041804499
0.957551470535301
0.879576930858667
0.973528340598086
0.96534269891803
0.971402950211298
0.926162593955749
0.95610247770139
0.97797943284234
0.970891082027301
0.862890517259613
0.894967348383358
0.975146616021931
0.963986329445617
0.971804130909365
0.923375309624683
0.905469705598348
0.942271848873751
0.958404660380189
0.788907119010567
0.947008503758989
0.908216521668478
0.943424238788519
0.977284280732137
0.901259819727924
0.913982738693755
0.819144794890049
0.972999688118835
0.905306357124426
0.946499646014025
0.900147223643345
0.948324973594957
0.903114315703043
0.946546418801601
0.950525093137653
0.970819951742409
0.947879680974902
0.918475480502295
0.92146343231557
0.924057901353839
0.947839203291836
0.944565474024042
0.949894610755715
0.97555175304259
0.954803373599225
0.877141397303157
0.973005909310886
0.96840694414431
0.934502243143152
0.897757772053941
0.874497162983837
0.947629756114952
0.960320825072797
0.958782246044215
0.948724003445997
0.953060254951011
0.972710261198268
0.940097827894337
0.884381836798883
0.970131028111343
0.924767680593789
0.919940110450553
0.954967860979818
0.960471868106875
0.948912030022797
0.968115954089331
0.968650657760143
0.926058993997318
0.882114547277598
0.959491844042147
0.962072363092965
0.965386718019411
0.972565223519316
0.960769728241259
0.952511515865165
0.918779637253516
0.933435659397079
0.946511506261221
0.872108166542077
0.944193273829304
0.972541042201445
0.949402521236507
0.952325196039881
0.981415705127749
0.952157962388613
0.812395777113747
0.918929968503868
0.828888214272147
0.958248928164514
0.760135241315135
0.888084245346148
0.950047286508495
0.943599121529524
0.978353748209435
0.933703847919353
0.921391187375237
0.910878374946555
0.968803258292329
0.909261348835223
0.960313297318846
0.909359947651233
0.942185031328139
0.940474579700848
0.924882200003626
0.971939548818563
0.972654722238736
0.932624957505958
0.93715730629243
0.844102679479163
0.974805581620767
0.91922662215624
0.919062896046276
0.973466837650615
0.927727399462423
0.915376780473102
0.893340424246596
0.949951498470719
0.961962078007692
0.967349558610475
0.824443138839838
0.912674111096155
0.947721193927584
0.900874958945881
0.943445507792118
0.90914560539921
0.878749104863505
0.930450952409413
0.808153658801583
0.981995890180154
0.957730611116111
0.960500654634019
0.944088983603955
0.964669899045643
0.93088753270027
0.958918382744175
0.958796387584959
0.93407218536429
0.930093490855696
0.961364266407805
0.921134773730885
0.964800848779544
0.952310257546851
0.886455891728183
0.962011399798662
0.945175257291263
0.974596050592454
0.922130724781399
0.947653539647044
0.933203493849616
0.930178672584878
0.9542762368194
0.978406544145731
0.979423648050171
0.948017576113975
0.968409615727144
0.94522872191392
0.942156907362037
0.93749228073291
0.831019213175036
0.961540941579029
0.881950748051652
0.854013389265749
0.925478552000887
0.979790841149834
0.946569274002543
0.953204556995799
0.951387275997577
0.943747870176705
0.971660190624566
0.971269820279818
0.973434848176606
0.916179710443437
0.974132972345312
0.892702612082588
0.940289679713841
0.895691100447649
0.921114578533447
0.961157281522665
0.951961685727265
0.901131898695302
0.951032024798887
0.925559252827028
0.927287883620971
0.915611685963102
0.961514182758828
0.967350423309325
0.958348595586044
0.915450016061048
0.954679566399516
0.861930395096695
0.960131220567254
0.94576355603244
0.933324135133025
0.940695525585967
0.964912796338612
0.894287639887042
0.960865657896367
0.933230702742436
0.93701901912039
0.955745442594579
0.935287719811723
0.980301700842053
0.967403431954884
0.949216390732744
0.952438946210075
0.91810958620121
0.954902775562997
0.939022328026687
0.935569834673491
0.944298611107297
0.911125541125121
0.967357723325839
0.954214549164426
0.89247304157045
0.931412301123241
0.921693764705746
0.963336614864489
0.973737199733622
0.908351347160394
0.894596665018664
0.900477250579225
0.94737590577914
0.93735102174581
0.96297591787797
0.937158011042041
0.946883096441844
0.953336244834747
0.95976187105037
0.812284439399588
0.967667249845142
0.884984383646759
0.88972089231181
0.948271862399932
0.927419991148458
0.974507172491932
0.958210300420092
0.926844766295897
0.909208865943817
0.95576195520484
0.964877040684241
0.963728245463366
0.956187807493229
0.887840209659445
0.954572801771833
0.9629783442772
0.949441982454026
0.960586623788644
0.972552079452354
0.961588909973455
0.905739676313009
0.969795288928966
0.96640777183576
0.931431906515215
0.941928416213377
0.943741387034397
0.945588792723672
0.911533307256282
0.96444213604791
0.803178847592216
0.971315659865278
0.943855361393826
0.936340633908497
0.951987329102353
0.897472520724663
0.965129158447602
0.911152993180892
0.960172143531984
0.962977987486263
0.942778056311818
0.772184224072328
0.913952042703096
0.918160663698216
0.933006319247277
0.972385082310251
0.933624879938529
0.907982331393635
0.952272235148954
0.930887503705514
0.952561116044663
0.979116277916113
0.932056063807262
0.951660385950225
0.951698465148983
0.858070968990592
0.950894646087903
0.93632251284239
0.937189260007031
0.956822643887435
0.922137942798225
0.956351255959953
0.954157088517577
0.925803478090468
0.871387563258688
0.966656548236345
0.835982954842325
0.985146186330103
0.964383923906718
0.957185612409374
0.966281929764319
0.93174384062434
0.959789988233291
0.945808274880868
0.895759834692039
0.871850552800346
0.93021430694887
0.973402042144273
0.897241831691079
0.950941170665351
0.959690000833027
0.961644466660498
0.970769888243804
0.960793937015274
0.947176571861857
0.898382627553861
0.93976104713216
0.929958334137566
0.946337221939796
0.958920167790136
0.838134691673542
0.96199829691149
0.967618595219967
0.919433870585149
0.963807449266931
0.938991391927722
0.951653694109134
0.907683900917146
0.930547699554645
0.904793650508179
0.928435056907224
0.962275000304596
0.96708160372176
0.881355000883827
0.963583553764447
0.945941218835089
0.961029807436019
0.96119056892129
0.964783379265034
0.969284975997546
0.866197636615988
0.933735903794855
0.957447000576794
0.941138750155255
0.959583046037743
0.951360554711183
0.93965395100162
0.971457019264105
0.955040253020064
0.959878899148762
0.91388462048703
0.971595502881555
0.967286551349207
0.958341378546517
0.855883140042925
0.966049046725173
0.950245127154999
0.968342765619255
0.97412225759444
0.972872590154209
0.93875222251948
0.959778397266996
0.961636242528151
0.957970592549836
0.928579577754015
0.914680277894844
0.965912276649904
0.945995333300898
0.969857547124508
0.962726030569799
0.942351581698315
0.810141052079495
0.904192695184121
0.948102515955782
0.939198935616801
0.962733030936736
0.939242494043916
0.938817985646751
0.895900708762144
0.95582615336441
0.975550767720015
0.960221561588667
0.925191713830812
0.937666295043752
0.957239429626884
0.972470325377106
0.927971868537139
0.935336198490939
0.976480142370164
0.961751440496297
0.965706353424489
0.968051617719424
0.958715312557434
0.964973034502293
0.951514001772335
0.905095231709394
0.945203431550872
0.966833554117319
0.976190197137068
0.955810963711547
0.938370892782186
0.920700191967412
0.973969435512232
0.940089825550559
0.915527455506777
0.956514490846953
0.839230764229035
0.900948459444681
0.942511080619719
0.920625555464207
0.956885766355625
0.970789037340697
0.971906813479293
0.967209014975943
0.923048625738921
0.89550608257986
0.943324087652557
0.880295109209383
